0 97.36103
1 96.27008
2 94.14117
3 93.63280
4 95.79396
5 95.66210
6 95.56775
7 95.84674
8 91.16981
9 91.44728
10 89.80822
11 90.36559
12 88.04034
13 85.92939
14 85.68612
15 85.35824
16 85.83303
17 85.44329
18 81.26011
19 79.94889
20 80.25170
21 79.79806
22 79.35605
23 79.81412
24 79.71127
25 78.05542
26 79.24437
27 79.38388
28 80.43755
29 77.10335
30 76.64048
31 75.95049
32 75.07709
33 74.84250
34 73.70948
35 73.32876
36 74.67826
37 75.56588
38 74.63042
39 75.81251
40 76.82860
41 76.34823
42 75.71536
43 77.18561
44 75.70671
45 72.51551
46 73.07063
47 72.35402
48 70.45443
49 68.62937
50 67.95416
51 67.06836
52 66.75048
53 66.74666
54 66.28700
55 65.33133
56 65.05924
57 62.11887
58 63.13145
59 65.87958
60 65.96644
61 65.00436
62 65.39243
63 64.53528
64 61.81334
65 62.55810
66 63.21716
67 64.44274
68 65.21755
69 62.14032
70 61.52543
71 63.57931
72 63.99737
73 62.79674
74 61.43204
75 60.31022
76 60.84946
77 62.54953
78 60.36625
79 60.46494
80 62.63930
81 59.67060
82 60.60431
83 59.76109
84 59.77348
85 60.69516
86 59.19970
87 58.40828
88 57.37831
89 57.20856
90 59.30745
91 59.36402
92 59.48172
93 58.61196
94 58.95790
95 58.92263
96 58.89115
97 59.67682
98 60.78686
99 60.42343
100 59.64817
101 59.59756
102 60.06774
103 60.77289
104 61.13504
105 61.40778
106 59.71208
107 60.54487
108 61.60110
109 60.86405
110 60.06166
111 59.72267
112 59.42209
113 59.39251
114 59.47929
115 60.26147
116 60.69282
117 61.53195
118 63.88132
119 66.13724
120 66.35619
121 65.72347
122 68.10295
123 66.73481
124 65.30476
125 64.84300
126 66.82230
127 65.48169
128 66.29115
129 62.77962
130 61.58454
131 62.27245
132 63.83036
133 65.35156
134 66.27879
135 66.99982
136 68.75368
137 70.79945
138 71.72680
139 73.83510
140 74.53258
141 75.26397
142 75.80956
143 75.62074
144 73.30451
145 75.29140
146 74.02468
147 73.15986
148 73.93899
149 70.00589
150 69.06537
151 69.28183
152 70.05657
153 69.25946
154 66.59812
155 67.02807
156 67.53572
157 66.84249
158 66.79732
159 67.27284
160 67.58443
161 68.30578
162 70.69931
163 69.99661
164 69.99000
165 69.54965
166 69.90399
167 71.71352
168 70.72403
169 70.82716
170 72.11592
171 73.54315
172 70.75977
173 70.52532
174 73.30313
175 73.43803
176 70.96341
177 70.56677
178 72.79672
179 72.53243
180 74.47368
181 75.96887
182 77.71527
183 74.49741
184 75.98467
185 77.19715
186 77.92389
187 76.56988
188 78.48975
189 79.29241
190 79.25346
191 81.48018
192 83.17048
193 84.74974
194 82.88487
195 83.51951
196 83.26039
197 83.32376
198 85.40119
199 86.06133
200 86.64720
201 89.49306
202 88.17723
203 88.46219
204 90.54491
205 89.52700
206 89.04148
207 89.50323
208 89.99147
209 91.53782
210 91.72200
211 92.43932
212 91.97370
213 91.01607
214 93.94970
215 95.84312
216 96.49611
217 97.08378
218 97.60602
219 99.84219
220 97.31680
221 100.12941
222 99.50960
223 101.28881
224 101.84380
225 103.87313
226 106.35688
227 107.19547
228 107.90471
229 109.54256
230 111.27920
231 111.59281
232 110.92514
233 110.29395
234 106.07127
235 105.84355
236 101.41097
237 98.51130
238 97.94360
239 94.67166
240 96.25391
241 95.53176
242 91.62934
243 91.98643
244 90.51024
245 90.36669
246 90.33247
247 89.32489
248 87.47620
249 84.47363
250 83.66376
251 86.40988
